30 4 3 100 0.100000
0.6364 0.5794 0.3064 0.5094 
0.9413 0.0115 0.1774 0.6256 
0.0429 0.5129 0.9135 0.0508 
0.7787 0.7096 0.4593 0.432 
0.9305 0.0696 0.1909 0.4493 
0.8269 0.9207 0.1317 0.245 
0.1736 0.3071 0.7093 0.5176 
0.3188 0.5283 0.5256 0.0881 
0.8119 0.5546 0.354 0.1999 
0.2651 0.7483 0.9289 0.0294 
0.7509 0.2433 0.1835 0.8271 
0.4434 0.7568 0.9408 0.3386 
0.6687 0.5551 0.4235 0.3246 
0.1209 0.4898 0.6305 0.3789 
0.5666 0.3929 0.2907 0.7891 
1.0578 0.2184 0.5351 0.8341 
0.6909 0.7369 0.3923 0.1338 
1.0473 0.4332 0.1373 0.7446 
0.1077 0.672 0.716 0.5746 
0.4421 0.4451 0.851 0.3216 
0.4138 0.7279 0.4521 0.2954 
0.5799 0.5988 1.0168 0.0343 
0.7871 0.5572 0.513 0.7249 
0.6494 0.7604 0.3961 0.0431 
0.5576 0.2694 0.3874 0.666 
0.3842 0.4403 0.6529 0.3409 
0.6718 0.2252 0.1457 0.3156 
0.5917 0.4555 0.6176 0.1113 
0.5985 1.0745 0.4291 0.0564 
1.0634 0.1018 0.1811 0.3259 
0 1 0 
1 0 0 
0 0 1 
0 1 0 
1 0 0 
0 1 0 
0 0 1 
0 1 0 
0 1 0 
0 0 1 
1 0 0 
0 0 1 
0 1 0 
0 0 1 
1 0 0 
1 0 0 
0 1 0 
1 0 0 
0 0 1 
0 0 1 
0 1 0 
0 0 1 
1 0 0 
0 1 0 
1 0 0 
0 0 1 
1 0 0 
0 0 1 
0 1 0 
1 0 0